<?xml version="1.0"?>
<opencv_storage>
<D1 type_id="opencv-matrix">
  <rows>1</rows>
  <cols>5</cols>
  <dt>d</dt>
  <data>
    -1.3556427889628270e-01 9.3739292948161523e-02 0. 0.
    -1.9790244202215182e-01</data></D1>
</opencv_storage>
