<?xml version="1.0"?>
<opencv_storage>
<P2 type_id="opencv-matrix">
  <rows>3</rows>
  <cols>4</cols>
  <dt>d</dt>
  <data>
    6.5169183893365232e+02 0. 1.9730827331542969e+02
    -6.2910475736129192e+03 0. 6.5169183893365232e+02
    2.3208631324768066e+02 0. 0. 0. 1. 0.</data></P2>
</opencv_storage>
