<?xml version="1.0"?>
<opencv_storage>
<Q type_id="opencv-matrix">
  <rows>4</rows>
  <cols>4</cols>
  <dt>d</dt>
  <data>
    1. 0. 0. -1.6394762039184570e+02 0. 1. 0. -2.3208631324768066e+02 0.
    0. 0. 6.5169183893365232e+02 0. 0. 1.0359035300688225e-01
    3.4558418128941435e+00</data></Q>
</opencv_storage>
