<?xml version="1.0"?>
<opencv_storage>
<R1 type_id="opencv-matrix">
  <rows>3</rows>
  <cols>3</cols>
  <dt>d</dt>
  <data>
    9.9238933579518962e-01 2.9265097504865202e-02 1.1961170623318169e-01
    -2.4981169262392418e-02 9.9899705680818396e-01
    -3.7159408914435081e-02 -1.2057921621185769e-01
    3.3888560851963435e-02 9.9212510202147230e-01</data></R1>
</opencv_storage>
