<?xml version="1.0"?>
<opencv_storage>
<R2 type_id="opencv-matrix">
  <rows>3</rows>
  <cols>3</cols>
  <dt>d</dt>
  <data>
    9.9888407018678960e-01 -7.8486945330028361e-03
    4.6572656368305432e-02 6.1856522093722208e-03 9.9934176960043053e-01
    3.5745842256477985e-02 -4.6822559026791083e-02
    -3.5417870150644688e-02 9.9827512362082571e-01</data></R2>
</opencv_storage>
