<?xml version="1.0"?>
<opencv_storage>
<D2 type_id="opencv-matrix">
  <rows>1</rows>
  <cols>5</cols>
  <dt>d</dt>
  <data>
    -1.3562905010798282e-01 2.1448355179673778e-01 0. 0.
    -4.8065198623511207e-01</data></D2>
</opencv_storage>
