<?xml version="1.0"?>
<opencv_storage>
<M1 type_id="opencv-matrix">
  <rows>3</rows>
  <cols>3</cols>
  <dt>d</dt>
  <data>
    6.8344375398272280e+02 0. 2.7033476846089309e+02 0.
    6.8344375398272280e+02 1.9016461231650294e+02 0. 0. 1.</data></M1>
</opencv_storage>
