<?xml version="1.0"?>
<opencv_storage>
<M2 type_id="opencv-matrix">
  <rows>3</rows>
  <cols>3</cols>
  <dt>d</dt>
  <data>
    6.8344375398272280e+02 0. 2.4798878951589992e+02 0.
    6.8344375398272280e+02 2.7136672784433273e+02 0. 0. 1.</data></M2>
</opencv_storage>
