<?xml version="1.0"?>
<opencv_storage>
<graph_buffer type_id="opencv-matrix">
  <rows>4500</rows>
  <cols>2</cols>
  <dt>f</dt>
  <data>
    7.05000257e+00 7. 6.95000267e+00 7. 6.60000277e+00 8. 6.40000248e+00
    8. 6.20000267e+00 8. 6.35000324e+00 9. 6.65000343e+00 9.
    7.00000381e+00 9. 7.90000343e+00 8. 8.05000305e+00 8. 8.25000286e+00
    10. 8.25000286e+00 10. 7.80000257e+00 10. 8.05000305e+00 11.
    7.85000324e+00 11. 7.65000296e+00 12. 8.05000305e+00 8.
    8.20000267e+00 7. 8.40000248e+00 9. 9.25000286e+00 8. 9.30000305e+00
    8. 9.15000343e+00 8. 9.70000362e+00 7. 9.50000381e+00 7.
    8.95000458e+00 6. 8.25000477e+00 6. 7.10000420e+00 6. 6.25000381e+00
    6. 6.00000381e+00 6. 6.05000401e+00 6. 6.20000410e+00 6.
    6.35000420e+00 6. 6.30000448e+00 6. 6.20000458e+00 6. 6.05000496e+00
    6. 6.10000515e+00 6. 6.20000553e+00 6. 6.20000553e+00 7.
    6.35000563e+00 7. 6.15000582e+00 7. 6.10000563e+00 7. 6.10000563e+00
    7. 6.10000515e+00 8. 6.15000534e+00 7. 6.60000563e+00 8.
    7.30000591e+00 8. 8.25000572e+00 8. 8.95000553e+00 8. 8.55000496e+00
    8. 8.05000496e+00 8. 7.25000477e+00 8. 6.80000496e+00 8.
    6.80000448e+00 8. 6.75000477e+00 8. 6.80000496e+00 8. 6.80000496e+00
    9. 6.70000505e+00 9. 6.60000467e+00 9. 7.00000477e+00 9.
    7.25000477e+00 9. 7.60000420e+00 10. 8.20000362e+00 8.
    7.90000391e+00 8. 8.20000362e+00 10. 8.80000401e+00 11.
    8.05000305e+00 11. 8.20000267e+00 11. 7.35000229e+00 11.
    6.90000248e+00 9. 6.85000277e+00 9. 6.35000229e+00 7. 6.60000229e+00
    7. 6.35000229e+00 6. 7.10000277e+00 6. 7.60000229e+00 6.
    8.10000229e+00 5. 8.05000210e+00 5. 7.35000181e+00 6. 6.60000229e+00
    6. 5.60000229e+00 4. 5.35000229e+00 4. 4.90000200e+00 4.
    4.70000172e+00 4. 4.50000191e+00 4. 4.15000200e+00 4. 4.45000219e+00
    4. 4.60000229e+00 4. 5.00000238e+00 4. 5.20000219e+00 4.
    5.00000191e+00 4. 4.80000210e+00 4. 4.50000191e+00 4. 4.25000191e+00
    4. 4.30000210e+00 4. 4.45000219e+00 4. 4.65000200e+00 4.
    4.85000181e+00 4. 5.20000219e+00 4. 5.45000219e+00 5. 5.65000248e+00
    4. 5.65000248e+00 4. 5.55000210e+00 4. 5.55000210e+00 4.
    5.35000229e+00 4. 5.40000248e+00 4. 5.35000277e+00 4. 5.45000267e+00
    4. 5.60000229e+00 4. 5.75000238e+00 4. 5.80000210e+00 4.
    5.75000191e+00 4. 5.80000210e+00 4. 5.70000219e+00 4. 5.75000238e+00
    4. 5.90000248e+00 4. 5.80000257e+00 4. 5.50000238e+00 4.
    5.10000229e+00 4. 4.50000238e+00 4. 4.10000229e+00 4. 4.00000238e+00
    4. 4.00000238e+00 4. 4.00000238e+00 4. 4.00000238e+00 4.
    4.00000238e+00 4. 4.00000238e+00 4. 4.10000229e+00 4. 4.10000229e+00
    4. 4.10000229e+00 4. 4.10000229e+00 4. 4.00000238e+00 4.
    4.00000238e+00 4. 4.00000238e+00 4. 4.00000238e+00 4. 4.00000238e+00
    4. 4.00000238e+00 4. 4.00000238e+00 4. 4.00000238e+00 4.
    4.00000238e+00 4. 4.00000238e+00 4. 4.05000210e+00 4. 4.15000200e+00
    4. 4.20000172e+00 4. 4.25000191e+00 4. 4.20000172e+00 4.
    4.10000181e+00 4. 4.10000134e+00 4. 4.10000134e+00 4. 4.10000134e+00
    4. 4.30000114e+00 4. 4.35000134e+00 4. 4.40000153e+00 4.
    4.55000162e+00 4. 4.55000210e+00 4. 4.70000219e+00 4. 4.80000257e+00
    4. 4.80000257e+00 4. 4.80000305e+00 5. 4.80000305e+00 5.
    4.85000324e+00 5. 4.90000296e+00 5. 4.90000343e+00 5. 4.90000343e+00
    5. 4.95000362e+00 5. 5.05000401e+00 5. 5.10000420e+00 5.
    5.15000439e+00 5. 5.10000420e+00 5. 5.00000381e+00 5. 4.95000362e+00
    5. 4.90000343e+00 5. 4.80000353e+00 5. 4.70000362e+00 5.
    4.60000324e+00 5. 4.55000305e+00 5. 4.55000305e+00 5. 4.65000296e+00
    5. 4.75000334e+00 5. 4.65000343e+00 5. 4.60000324e+00 5.
    4.55000305e+00 5. 4.40000343e+00 5. 4.45000362e+00 5. 4.40000391e+00
    6. 4.30000353e+00 6. 4.35000324e+00 6. 4.25000334e+00 6.
    4.30000305e+00 6. 4.30000305e+00 6. 4.20000315e+00 6. 4.20000267e+00
    6. 4.15000296e+00 6. 4.10000324e+00 6. 4.30000305e+00 6.
    4.35000324e+00 6. 4.65000343e+00 6. 4.80000353e+00 6. 5.05000401e+00
    6. 5.45000410e+00 6. 5.50000429e+00 6. 5.65000391e+00 6.
    5.40000439e+00 6. 5.00000429e+00 6. 4.70000410e+00 6. 4.70000362e+00
    6. 4.60000324e+00 6. 4.60000324e+00 6. 4.65000343e+00 6.
    4.50000381e+00 7. 4.60000372e+00 7. 4.55000353e+00 7. 4.50000334e+00
    7. 4.50000334e+00 7. 4.45000362e+00 7. 4.75000381e+00 7.
    5.20000410e+00 7. 5.40000391e+00 7. 5.75000381e+00 7. 5.90000391e+00
    7. 5.90000343e+00 7. 6.05000353e+00 7. 6.25000381e+00 7.
    6.60000420e+00 7. 6.75000381e+00 8. 7.25000381e+00 8. 7.00000381e+00
    8. 6.55000353e+00 8. 6.30000401e+00 8. 5.75000381e+00 8.
    5.65000343e+00 9. 5.50000334e+00 9. 5.35000324e+00 9. 5.20000362e+00
    9. 5.20000362e+00 10. 5.35000372e+00 10. 5.50000381e+00 10.
    5.45000362e+00 10. 5.40000391e+00 10. 5.45000410e+00 10.
    5.30000401e+00 10. 5.35000420e+00 10. 5.60000420e+00 10.
    5.80000401e+00 11. 6.30000401e+00 11. 7.10000324e+00 11.
    7.65000248e+00 12. 8.30000305e+00 12. 8.35000324e+00 13.
    8.20000267e+00 13. 8.70000267e+00 13. 9.30000210e+00 13.
    1.02000017e+01 14. 1.10000019e+01 12. 1.12500019e+01 14.
    1.10000019e+01 11. 1.06000023e+01 11. 1.02000027e+01 11.
    9.50000191e+00 11. 9.25000191e+00 11. 8.85000229e+00 11.
    8.30000305e+00 10. 7.85000277e+00 10. 7.60000277e+00 10.
    7.90000248e+00 10. 8.30000210e+00 10. 8.75000286e+00 10.
    8.15000343e+00 9. 7.65000343e+00 9. 7.05000401e+00 9. 6.60000372e+00
    9. 6.95000362e+00 9. 7.20000362e+00 9. 7.20000410e+00 9.
    7.20000458e+00 8. 7.00000429e+00 6. 6.85000420e+00 5. 6.95000410e+00
    6. 7.30000401e+00 5. 7.00000381e+00 5. 6.90000391e+00 5.
    7.00000381e+00 5. 6.15000343e+00 5. 5.95000315e+00 4. 5.45000315e+00
    5. 4.85000324e+00 5. 4.45000362e+00 4. 4.05000401e+00 4.
    3.70000410e+00 3. 3.35000396e+00 3. 3.35000396e+00 3. 3.40000415e+00
    3. 3.35000420e+00 3. 3.30000448e+00 3. 3.45000434e+00 3.
    3.45000458e+00 3. 3.50000477e+00 3. 3.60000491e+00 3. 3.55000472e+00
    3. 3.60000467e+00 3. 3.55000448e+00 3. 3.55000448e+00 4.
    3.50000429e+00 3. 3.50000429e+00 4. 3.45000458e+00 3. 3.45000458e+00
    3. 3.50000477e+00 4. 3.60000467e+00 4. 3.80000472e+00 4.
    3.90000486e+00 4. 3.95000458e+00 4. 3.95000458e+00 4. 3.95000458e+00
    4. 3.95000458e+00 4. 4.00000477e+00 4. 4.00000477e+00 4.
    4.00000477e+00 4. 4.00000477e+00 4. 4.05000496e+00 4. 4.05000496e+00
    4. 4.05000496e+00 4. 4.05000496e+00 4. 4.00000477e+00 4.
    3.95000458e+00 4. 3.90000439e+00 4. 3.90000439e+00 4. 3.85000420e+00
    4. 3.85000396e+00 4. 3.90000415e+00 4. 3.90000439e+00 4.
    3.90000415e+00 4. 3.95000434e+00 4. 3.80000448e+00 4. 4.10000420e+00
    4. 4.45000458e+00 4. 4.65000439e+00 5. 5.30000448e+00 5.
    5.30000401e+00 5. 5.40000439e+00 5. 5.50000477e+00 5. 5.20000458e+00
    5. 5.10000420e+00 5. 5.20000410e+00 5. 5.45000362e+00 5.
    5.40000343e+00 5. 5.45000362e+00 5. 5.20000362e+00 5. 4.95000362e+00
    5. 5.05000353e+00 5. 5.05000353e+00 5. 5.05000353e+00 6.
    5.00000381e+00 6. 5.00000381e+00 6. 5.00000381e+00 6. 5.00000381e+00
    6. 5.00000381e+00 6. 5.40000391e+00 6. 5.55000401e+00 6.
    5.55000401e+00 6. 5.65000391e+00 6. 5.40000391e+00 6. 5.25000381e+00
    6. 5.50000381e+00 7. 5.45000410e+00 6. 5.65000391e+00 7.
    6.15000391e+00 7. 6.15000391e+00 7. 6.65000343e+00 7. 6.85000372e+00
    7. 6.75000381e+00 7. 6.85000420e+00 7. 7.55000401e+00 7.
    8.40000439e+00 7. 9.50000477e+00 7. 9.85000420e+00 8. 9.95000458e+00
    8. 9.55000496e+00 8. 8.90000534e+00 8. 9.15000534e+00 8.
    8.65000534e+00 9. 8.55000496e+00 9. 8.60000420e+00 9. 8.70000458e+00
    9. 8.60000420e+00 9. 8.55000496e+00 9. 8.40000534e+00 10.
    8.15000534e+00 10. 8.25000572e+00 10. 8.10000610e+00 11.
    8.15000629e+00 11. 8.60000610e+00 11. 8.80000687e+00 11.
    9.75000668e+00 11. 9.80000591e+00 11. 8.85000610e+00 10.
    8.65000629e+00 11. 7.95000601e+00 10. 7.90000582e+00 10.
    7.65000534e+00 9. 7.40000582e+00 9. 7.10000610e+00 9. 6.90000629e+00
    9. 7.15000629e+00 9. 6.75000620e+00 9. 6.30000639e+00 8.
