<?xml version="1.0"?>
<opencv_storage>
<groundtruth_buffer type_id="opencv-matrix">
  <rows>4500</rows>
  <cols>1</cols>
  <dt>f</dt>
  <data>
    7. 7. 8. 8. 8. 9. 9. 9. 8. 8. 10. 10. 10. 11. 11. 12. 8. 7. 9. 8. 8.
    8. 7. 7. 6. 6. 6. 6. 6. 6. 6. 6. 6. 6. 6. 6. 6. 7. 7. 7. 7. 7. 8. 7.
    8. 8. 8. 8. 8. 8. 8. 8. 8. 8. 8. 9. 9. 9. 9. 9. 10. 8. 8. 10. 11.
    11. 11. 11. 9. 9. 7. 7. 6. 6. 6. 5. 5. 6. 6. 4. 4. 4. 4. 4. 4. 4. 4.
    4. 4. 4. 4. 4. 4. 4. 4. 4. 4. 4. 5. 4. 4. 4. 4. 4. 4. 4. 4. 4. 4. 4.
    4. 4. 4. 4. 4. 4. 4. 4. 4. 4. 4. 4. 4. 4. 4. 4. 4. 4. 4. 4. 4. 4. 4.
    4. 4. 4. 4. 4. 4. 4. 4. 4. 4. 4. 4. 4. 4. 4. 4. 4. 4. 4. 4. 4. 4. 4.
    4. 5. 5. 5. 5. 5. 5. 5. 5. 5. 5. 5. 5. 5. 5. 5. 5. 5. 5. 5. 5. 5. 5.
    5. 5. 5. 5. 6. 6. 6. 6. 6. 6. 6. 6. 6. 6. 6. 6. 6. 6. 6. 6. 6. 6. 6.
    6. 6. 6. 6. 6. 6. 7. 7. 7. 7. 7. 7. 7. 7. 7. 7. 7. 7. 7. 7. 7. 8. 8.
    8. 8. 8. 8. 9. 9. 9. 9. 10. 10. 10. 10. 10. 10. 10. 10. 10. 11. 11.
    11. 12. 12. 13. 13. 13. 13. 14. 12. 14. 11. 11. 11. 11. 11. 11. 10.
    10. 10. 10. 10. 10. 9. 9. 9. 9. 9. 9. 9. 8. 6. 5. 6. 5. 5. 5. 5. 5.
    4. 5. 5. 4. 4. 3. 3. 3. 3. 3. 3. 3. 3. 3. 3. 3. 3. 3. 4. 3. 4. 3. 3.
    4. 4. 4. 4. 4. 4. 4. 4. 4. 4. 4. 4. 4. 4. 4. 4. 4. 4. 4. 4. 4. 4. 4.
    4. 4. 4. 4. 4. 4. 5. 5. 5. 5. 5. 5. 5. 5. 5. 5. 5. 5. 5. 5. 5. 6. 6.
    6. 6. 6. 6. 6. 6. 6. 6. 6. 6. 7. 6. 7. 7. 7. 7. 7. 7. 7. 7. 7. 7. 8.
    8. 8. 8. 8. 9. 9. 9. 9. 9. 9. 10. 10. 10. 11. 11. 11. 11. 11. 11.
    10. 11. 10. 10. 9. 9. 9. 9. 9. 9. 8. 6. 6. 5. 6. 6. 5. 5. 5. 4. 4.
    4. 4. 4. 4. 4. 4. 3. 3. 3. 3. 3. 4. 4. 4. 4. 5. 4. 5. 5. 5. 4. 4. 5.
    5. 4. 5. 4. 5. 4. 4. 4. 4. 4. 4. 4. 4. 4. 4. 4. 4. 4. 4. 4. 4. 6. 6.
    5. 5. 5. 5. 5. 5. 5. 5. 5. 5. 5. 6. 5. 5. 6. 6. 6. 6. 6. 6. 6. 6. 6.
    5. 5. 6. 6. 6. 6. 5. 5. 5. 5. 5. 6. 6. 6. 6. 6. 6. 6. 6. 6. 6. 6. 6.
    6. 6. 6. 6. 7. 7. 7. 7. 7. 7. 7. 7. 7. 7. 7. 7. 7. 8. 8. 8. 8. 8. 9.
    9. 8. 9. 9. 9. 9. 9. 9. 9. 10. 9. 9. 9. 9. 9. 9. 9. 8. 7. 8. 7. 6.
    6. 6. 6. 6. 6. 6. 5. 5. 5. 5. 5. 5. 5. 5. 5. 5. 5. 5. 5. 5. 5. 5. 4.
    5. 5. 5. 5. 5. 5. 5. 5. 5. 5. 5. 5. 5. 5. 5. 5. 5. 5. 5. 5. 5. 6. 5.
    5. 6. 6. 6. 6. 6. 6. 6. 6. 6. 6. 6. 6. 6. 6. 6. 6. 6. 6. 6. 6. 6. 6.
    7. 7. 7. 7. 7. 7. 7. 7. 7. 7. 7. 7. 7. 8. 8. 8. 8. 8. 9. 9. 9. 9. 9.
    9. 9. 10. 9. 9. 10. 9. 8. 8. 8. 8. 7. 7. 7. 6. 6. 6. 5. 5. 6. 6. 5.
    5. 5. 5. 4. 5. 4. 5. 4. 4. 4. 4. 4. 4. 4. 5. 5. 5. 5. 5. 5. 5. 5. 5.
    5. 5. 5. 5. 5. 5. 5. 5. 5. 5. 5. 6. 6. 6. 6. 6. 6. 6. 6. 6. 7. 7. 7.
    7. 7. 7. 7. 8. 8. 8. 8. 8. 9. 9. 9. 9. 10. 10. 10. 11. 11. 11. 11.
    11. 11. 10. 11. 11. 11. 11. 10. 7. 7. 7. 6. 6. 6. 6. 6. 5. 5. 4. 4.
    4. 4. 4. 4. 4. 3. 4. 3. 3. 3. 4. 3. 4. 4. 4. 4. 5. 4. 4. 4. 4. 4. 4.
    4. 4. 4. 4. 4. 4. 4. 4. 4. 4. 4. 4. 4. 4. 4. 4. 4. 5. 5. 5. 5. 5. 5.
    5. 5. 5. 5. 5. 5. 5. 5. 5. 5. 5. 5. 5. 5. 5. 5. 5. 5. 5. 5. 5. 5. 5.
    5. 5. 5. 5. 5. 5. 5. 5. 6. 5. 6. 5. 5. 6. 6. 6. 6. 6. 6. 6. 6. 6. 6.
    6. 6. 6. 6. 6. 6. 6. 6. 6. 6. 7. 7. 7. 7. 7. 7. 7. 7. 7. 7. 7. 7. 7.
    7. 7. 7. 7. 7. 7. 7. 8. 8. 8. 8. 8. 8. 8. 9. 9. 9. 9. 9. 9. 9. 9. 9.
    9. 9. 9. 9. 9. 10. 9. 10. 9. 8. 8. 8. 8. 8. 8. 8. 7. 7. 7. 7. 7. 7.
    7. 7. 7. 7. 7. 7. 7. 7. 7. 7. 7. 7. 8. 8. 8. 8. 8. 9. 9. 9. 9. 10.
    10. 10. 10. 10. 11. 11. 11. 11. 11. 12. 12. 11. 11. 11. 11. 10. 10.
    10. 9. 9. 9. 9. 9. 9. 8. 6. 6. 6. 6. 5. 5. 5. 5. 5. 5. 4. 4. 4. 4.
    3. 3. 3. 3. 3. 3. 3. 3. 4. 3. 3. 3. 3. 3. 3. 3. 3. 3. 3. 3. 3. 3. 3.
    3. 3. 4. 4. 4. 4. 4. 4. 4. 3. 4. 4. 4. 4. 4. 4. 4. 4. 4. 4. 4. 4. 4.
    4. 4. 4. 4. 4. 4. 4. 4. 4. 5. 4. 4. 4. 5. 5. 4. 5. 5. 5. 5. 5. 5. 5.
    5. 5. 5. 5. 5. 5. 6. 6. 6. 6. 6. 6. 6. 6. 6. 6. 6. 7. 7. 7. 7. 7. 7.
    7. 8. 8. 8. 8. 8. 8. 9. 9. 9. 9. 10. 10. 10. 11. 11. 12. 12. 12. 12.
    13. 13. 11. 10. 9. 9. 10. 9. 7. 7. 7. 7. 7. 7. 6. 6. 6. 6. 4. 5. 4.
    4. 5. 4. 4. 4. 4. 4. 4. 4. 4. 3. 3. 4. 4. 4. 3. 4. 4. 4. 4. 4. 4. 4.
    4. 5. 5. 4. 4. 5. 4. 4. 4. 4. 4. 4. 4. 4. 4. 4. 4. 4. 4. 5. 4. 4. 4.
    4. 4. 4. 5. 4. 4. 5. 5. 5. 5. 5. 5. 4. 5. 5. 5. 5. 5. 5. 5. 5. 5. 5.
    5. 5. 5. 5. 6. 6. 5. 6. 5. 6. 6. 6. 6. 6. 6. 6. 6. 6. 6. 6. 6. 6. 6.
    6. 7. 7. 7. 7. 7. 7. 7. 7. 7. 7. 7. 7. 7. 8. 8. 8. 8. 8. 8. 8. 9. 9.
    9. 9. 9. 9. 9. 10. 10. 9. 10. 9. 9. 9. 9. 9. 9. 9. 8. 8. 8. 8. 8. 8.
    7. 7. 7. 7. 6. 5. 5. 5. 5. 5. 5. 5. 5. 5. 5. 5. 5. 5. 5. 5. 5. 5. 5.
    5. 5. 5. 5. 5. 5. 5. 5. 5. 5. 5. 5. 5. 5. 5. 5. 5. 5. 5. 5. 5. 5. 5.
    5. 5. 5. 5. 5. 5. 5. 5. 5. 6. 5. 5. 5. 5. 5. 5. 6. 5. 5. 5. 5. 5. 6.
    6. 6. 6. 6. 6. 6. 6. 6. 6. 6. 6. 6. 6. 6. 6. 6. 6. 6. 6. 6. 6. 6. 6.
    6. 7. 6. 7. 6. 7. 7. 6. 7. 7. 7. 7. 7. 7. 7. 7. 7. 6. 7. 7. 8. 8. 7.
    7. 7. 8. 8. 8. 8. 8. 8. 8. 9. 8. 9. 9. 9. 10. 11. 12. 12. 13. 14.
    14. 14. 14. 13. 13. 13. 13. 9. 9. 9. 9. 8. 8. 8. 8. 8. 8. 8. 8. 8.
    8. 8. 8. 7. 7. 7. 7. 6. 6. 5. 5. 5. 5. 4. 4. 4. 3. 3. 3. 3. 3. 3. 3.
    3. 3. 3. 3. 3. 3. 3. 3. 3. 3. 3. 4. 3. 3. 3. 3. 3. 3. 3. 3. 3. 3. 3.
    3. 3. 3. 4. 3. 4. 3. 3. 3. 4. 4. 4. 4. 3. 4. 4. 4. 4. 4. 4. 4. 4. 4.
    4. 4. 4. 4. 4. 4. 4. 4. 4. 4. 4. 4. 4. 4. 4. 4. 4. 4. 4. 4. 4. 4. 4.
    4. 4. 4. 4. 5. 4. 4. 4. 5. 5. 4. 4. 5. 4. 4. 5. 5. 5. 5. 5. 5. 5. 5.
    5. 5. 5. 5. 5. 5. 6. 6. 6. 6. 6. 6. 6. 7. 6. 7. 7. 7. 7. 7. 7. 7. 7.
    7. 8. 8. 8. 8. 7. 7. 7. 7. 7. 8. 8. 7. 6. 7. 6. 8. 8. 8. 8. 8. 8. 9.
    10. 8. 8. 9. 9. 10. 9. 9. 10. 10. 8. 8. 7. 7. 7. 6. 6. 7. 6. 6. 6.
    6. 6. 7. 6. 6. 6. 7. 6. 7. 6. 7. 7. 7. 7. 7. 7. 7. 7. 7. 8. 8. 8. 8.
    8. 8. 8. 8. 8. 9. 9. 9. 9. 9. 9. 10. 10. 10. 11. 11. 11. 11. 11. 11.
    10. 10. 10. 9. 9. 9. 8. 8. 8. 6. 6. 6. 5. 5. 5. 5. 5. 5. 5. 5. 5. 5.
    5. 5. 5. 5. 5. 5. 5. 5. 5. 5. 5. 6. 6. 6. 6. 6. 6. 6. 6. 6. 6. 6. 6.
    6. 7. 7. 7. 7. 7. 6. 6. 6. 6. 6. 6. 6. 6. 6. 6. 6. 6. 6. 6. 6. 6. 6.
    6. 6. 6. 6. 7. 6. 7. 7. 6. 7. 7. 7. 7. 7. 7. 7. 7. 7. 7. 7. 8. 7. 8.
    8. 8. 8. 9. 8. 8. 8. 8. 8. 9. 9. 9. 9. 9. 9. 8. 8. 8. 8. 7. 7. 7. 7.
    7. 7. 7. 7. 6. 5. 5. 5. 5. 5. 5. 4. 4. 4. 4. 4. 4. 4. 3. 3. 3. 4. 3.
    3. 3. 4. 3. 3. 3. 3. 4. 3. 3. 4. 3. 3. 3. 4. 4. 3. 3. 4. 3. 3. 4. 4.
    4. 4. 4. 4. 4. 4. 4. 4. 4. 4. 4. 4. 4. 4. 4. 4. 4. 4. 4. 4. 4. 4. 4.
    4. 4. 4. 4. 4. 4. 4. 4. 4. 4. 4. 4. 4. 4. 4. 4. 4. 5. 5. 5. 5. 5. 5.
    5. 5. 5. 5. 5. 5. 5. 5. 5. 5. 5. 5. 5. 6. 6. 6. 6. 6. 6. 6. 6. 6. 6.
    6. 6. 6. 6. 6. 7. 7. 7. 7. 7. 7. 7. 7. 7. 8. 8. 8. 8. 8. 8. 8. 9. 9.
    9. 10. 10. 10. 11. 11. 12. 12. 12. 12. 12. 12. 12. 13. 12. 13. 12.
    11. 11. 10. 10. 9. 9. 9. 8. 8. 8. 7. 7. 7. 7. 7. 7. 7. 7. 5. 5. 5.
    5. 4. 4. 4. 4. 4. 3. 3. 3. 3. 3. 3. 3. 3. 4. 4. 4. 4. 4. 5. 4. 4. 4.
    4. 5. 5. 5. 5. 5. 5. 5. 5. 5. 5. 5. 5. 5. 5. 5. 5. 5. 5. 5. 5. 5. 5.
    5. 5. 5. 5. 5. 5. 5. 5. 5. 5. 5. 5. 5. 5. 5. 4. 5. 5. 5. 5. 5. 5. 6.
    6. 6. 6. 6. 6. 6. 6. 6. 6. 6. 6. 6. 6. 6. 6. 6. 6. 6. 6. 6. 6. 6. 6.
    6. 6. 6. 6. 6. 6. 6. 6. 6. 6. 6. 6. 7. 6. 6. 7. 7. 7. 7. 7. 7. 7. 7.
    8. 7. 8. 7. 8. 8. 8. 8. 8. 9. 9. 9. 9. 9. 9. 10. 10. 10. 10. 10. 10.
    10. 10. 10. 10. 10. 10. 9. 9. 9. 8. 9. 9. 8. 8. 7. 7. 7. 7. 6. 6. 6.
    6. 6. 5. 6. 6. 6. 6. 6. 6. 6. 5. 5. 6. 6. 6. 6. 6. 6. 6. 6. 6. 6. 6.
    6. 6. 6. 6. 6. 6. 7. 7. 8. 8. 8. 8. 8. 8. 8. 8. 9. 9. 9. 9. 9. 9.
    10. 10. 10. 10. 10. 10. 10. 11. 11. 11. 11. 11. 11. 10. 10. 10. 9.
    9. 9. 9. 8. 8. 6. 6. 6. 6. 6. 6. 5. 6. 6. 5. 5. 5. 5. 5. 5. 5. 5. 6.
    6. 6. 5. 6. 6. 6. 6. 5. 6. 6. 6. 6. 6. 6. 6. 6. 6. 6. 6. 6. 6. 6. 6.
    5. 5. 5. 6. 6. 6. 7. 6. 6. 6. 6. 6. 6. 6. 6. 6. 7. 7. 7. 7. 7. 7. 7.
    8. 8. 8. 8. 8. 8. 8. 8. 8. 9. 9. 9. 10. 10. 10. 10. 11. 11. 12. 12.
    12. 12. 9. 8. 7. 6. 6. 6. 6. 6. 6. 6. 6. 6. 5. 6. 6. 5. 5. 6. 5. 6.
    6. 6. 7. 7. 7. 7. 7. 7. 7. 7. 7. 7. 7. 8. 7. 8. 8. 8. 8. 9. 9. 9. 9.
    10. 9. 9. 10. 10. 9. 10. 9. 9. 8. 9. 8. 8. 8. 8. 8. 8. 8. 7. 6. 5.
    5. 5. 5. 4. 4. 4. 3. 3. 4. 3. 3. 3. 3. 4. 3. 3. 4. 3. 3. 4. 4. 3. 4.
    4. 4. 3. 4. 4. 4. 4. 4. 4. 4. 4. 4. 4. 4. 4. 4. 4. 4. 4. 4. 4. 4. 4.
    4. 4. 4. 4. 4. 5. 4. 4. 4. 4. 4. 5. 4. 4. 5. 5. 4. 4. 5. 5. 4. 4. 5.
    5. 5. 5. 5. 5. 5. 5. 5. 5. 5. 5. 5. 5. 5. 5. 5. 5. 5. 5. 6. 6. 5. 6.
    6. 6. 6. 6. 6. 6. 6. 6. 6. 6. 6. 6. 6. 7. 7. 7. 7. 7. 7. 7. 6. 7. 7.
