<?xml version="1.0"?>
<opencv_storage>
<groundtruth_buffer type_id="opencv-matrix">
  <rows>3000</rows>
  <cols>1</cols>
  <dt>f</dt>
  <data>
    2.46760910e+02 2.43547241e+02 2.40085861e+02 2.37155762e+02
    2.35552567e+02 2.35645264e+02 2.36344849e+02 2.37277634e+02
    2.38845627e+02 2.39837677e+02 2.40647507e+02 2.41501129e+02
    2.41744308e+02 2.41655075e+02 2.40967651e+02 2.39675491e+02
    2.37712234e+02 2.33836868e+02 2.28082840e+02 2.20343994e+02
    2.11544586e+02 2.02745819e+02 1.93073181e+02 1.83347626e+02
    1.74263153e+02 1.66441238e+02 1.60453094e+02 1.57630829e+02
    1.58399139e+02 1.60789810e+02 1.64615631e+02 1.69491837e+02
    1.74643097e+02 1.79417191e+02 1.83584625e+02 1.86562607e+02
    1.86441895e+02 1.81730026e+02 1.73981125e+02 1.64115204e+02
    1.55926804e+02 1.46567368e+02 1.36452988e+02 1.25608414e+02
    1.15301125e+02 1.06890297e+02 1.01617538e+02 9.85586777e+01
    9.64965057e+01 9.22570648e+01 8.94777451e+01 8.78346863e+01
    8.75023117e+01 8.71375656e+01 8.66074677e+01 8.64141769e+01
    8.61851196e+01 8.61864014e+01 8.62842560e+01 8.61425323e+01
    8.57820053e+01 7.98955536e+01 8.09947968e+01 8.24984970e+01
    8.44418564e+01 8.58449783e+01 8.71763153e+01 8.78285522e+01
    8.86050873e+01 8.87994461e+01 8.88595428e+01 8.84220276e+01
    8.79001541e+01 8.69973602e+01 8.60815277e+01 8.49012375e+01
    8.43669357e+01 8.37404251e+01 8.33543015e+01 8.31463623e+01
    8.30941162e+01 8.27283554e+01 8.23313522e+01 8.23217087e+01
    8.24083176e+01 8.25166931e+01 8.22341690e+01 8.21981354e+01
    8.19684906e+01 8.17559357e+01 8.18016510e+01 8.16601410e+01
    8.18839188e+01 8.22561951e+01 8.26270523e+01 8.36200027e+01
    8.44447327e+01 8.54258881e+01 8.64166336e+01 8.71887360e+01
    8.80486221e+01 8.89234467e+01 8.99373703e+01 9.08386917e+01
    9.16409683e+01 9.24739151e+01 9.31501999e+01 9.35930023e+01
    9.42430267e+01 9.49716492e+01 9.53624191e+01 9.55587311e+01
    9.59439621e+01 9.59233322e+01 9.56397858e+01 9.51679840e+01
    9.47776413e+01 9.41204071e+01 9.31536331e+01 9.22022858e+01
    9.16917877e+01 9.09603195e+01 9.04704132e+01 9.00507660e+01
    8.91263657e+01 8.86361160e+01 8.84707031e+01 8.81596680e+01
    8.76987152e+01 8.66856537e+01 8.58263092e+01 8.50350800e+01
    8.40659485e+01 8.36578217e+01 8.31238327e+01 8.24449310e+01
    8.22706757e+01 8.22050400e+01 8.22412262e+01 8.21372833e+01
    8.18482285e+01 8.18422623e+01 8.22299957e+01 8.23933868e+01
    8.24770355e+01 8.26197891e+01 8.33656387e+01 8.41569672e+01
    8.57290497e+01 8.78613281e+01 9.03171844e+01 9.23405533e+01
    9.44364166e+01 9.66247711e+01 9.78379059e+01 9.80866241e+01
    9.89281158e+01 9.91816635e+01 9.82813263e+01 9.73467407e+01
    9.63448868e+01 9.51325531e+01 9.36951752e+01 9.30317535e+01
    9.27712860e+01 9.20533600e+01 9.12351685e+01 9.11792450e+01
    9.05377121e+01 9.02209625e+01 9.00106888e+01 9.01631927e+01
    9.04386063e+01 9.10075378e+01 9.15888519e+01 9.21959152e+01
    9.26669998e+01 9.34613800e+01 9.42615204e+01 9.52709351e+01
    9.62944641e+01 9.71347122e+01 9.79979706e+01 9.81027222e+01
    9.81108551e+01 9.81538010e+01 9.80471725e+01 9.77015610e+01
    9.74965973e+01 9.66817169e+01 9.61608124e+01 9.57749329e+01
    9.59456100e+01 9.62228699e+01 9.66594772e+01 9.73319092e+01
    9.79474030e+01 9.83193054e+01 9.89347382e+01 9.93466339e+01
    9.92215118e+01 9.89422913e+01 9.85512619e+01 9.79470673e+01
    9.70150528e+01 9.64598541e+01 9.57115555e+01 9.51560974e+01
    9.43687286e+01 9.42220764e+01 9.42034836e+01 9.40730133e+01
    9.39541473e+01 9.37387848e+01 9.34945374e+01 9.34381256e+01
    9.32022552e+01 9.32389984e+01 9.28207092e+01 9.25371628e+01
    9.22520752e+01 9.22365341e+01 9.19574432e+01 9.15811768e+01
    9.10521698e+01 9.05454788e+01 8.99947510e+01 8.92706070e+01
    8.83051529e+01 8.74052048e+01 8.60650253e+01 8.51967697e+01
    8.43862152e+01 8.34144135e+01 8.25177536e+01 8.16555252e+01
    8.07023392e+01 7.99962006e+01 7.96190338e+01 7.92464752e+01
    7.89189606e+01 7.85670013e+01 7.85765991e+01 7.96698532e+01
    8.06269073e+01 8.25832443e+01 8.41207733e+01 8.57820740e+01
    8.75665207e+01 8.99885635e+01 9.28060532e+01 9.50059891e+01
    9.60682449e+01 9.74152679e+01 9.83823853e+01 9.97098846e+01
    1.00969719e+02 1.02654396e+02 1.03598289e+02 1.04514359e+02
    1.06231766e+02 1.08251366e+02 1.09932785e+02 1.11115341e+02
    1.12611435e+02 1.13134537e+02 1.13356972e+02 1.13681007e+02
    1.13369324e+02 1.12917892e+02 1.12058121e+02 1.11118637e+02
    1.10264145e+02 1.09229843e+02 1.08533226e+02 1.07680153e+02
    1.06899765e+02 1.05998123e+02 1.04639366e+02 1.03413918e+02
    1.02184677e+02 1.00574860e+02 9.86074066e+01 9.68615570e+01
    9.51129684e+01 9.29684372e+01 9.17397919e+01 9.05682068e+01
    8.95447235e+01 8.81476669e+01 8.72351685e+01 8.68965912e+01
    8.64654846e+01 8.57758331e+01 8.56618729e+01 8.47480927e+01
    8.41173782e+01 8.36466675e+01 8.39646759e+01 8.42283173e+01
    8.42625580e+01 8.44739838e+01 8.50166779e+01 8.54405060e+01
    8.60526657e+01 8.61067505e+01 8.58964310e+01 8.55718918e+01
    8.51260757e+01 8.45221634e+01 8.43249741e+01 8.39682693e+01
    8.34603500e+01 8.30368805e+01 8.30448608e+01 8.31702881e+01
    8.28714218e+01 8.26470337e+01 8.25978928e+01 8.23338776e+01
    8.24718475e+01 8.26100922e+01 8.30422440e+01 8.35077438e+01
    8.37522507e+01 8.44945145e+01 8.50074005e+01 8.55657654e+01
    8.58607712e+01 8.59855652e+01 8.62548676e+01 8.61968231e+01
    8.61515808e+01 8.59343719e+01 8.56985092e+01 8.63180313e+01
    8.65560303e+01 8.67877655e+01 8.72634583e+01 8.73892899e+01
    8.75208282e+01 8.76946793e+01 8.85607452e+01 8.93762283e+01
    8.98451462e+01 9.02750397e+01 9.02027206e+01 8.99340820e+01
    9.02425232e+01 9.05018158e+01 9.09617157e+01 9.14906235e+01
    9.19344177e+01 9.20443420e+01 9.21399841e+01 9.29977341e+01
    9.38085480e+01 9.43863983e+01 9.50810623e+01 9.56387329e+01
    9.59003983e+01 9.60632172e+01 9.59860077e+01 9.64393234e+01
    9.65021515e+01 9.63131256e+01 9.61126862e+01 9.61203613e+01
    9.59144211e+01 9.55859604e+01 9.50446014e+01 9.48806610e+01
    9.45279999e+01 9.46672440e+01 9.47908401e+01 9.44506760e+01
    9.38122940e+01 9.35049057e+01 9.30340118e+01 9.26304703e+01
    9.25429382e+01 9.17706451e+01 9.06005707e+01 8.90305328e+01
    8.78432770e+01 8.68041153e+01 8.56120148e+01 8.46012192e+01
    8.38680267e+01 8.26270294e+01 8.20134583e+01 8.14564514e+01
    8.09780731e+01 8.07340927e+01 8.02696762e+01 7.99215240e+01
    7.96918030e+01 7.94596329e+01 7.94965820e+01 7.92702103e+01
    7.90065613e+01 7.93816605e+01 7.95732346e+01 7.98603821e+01
    8.00490799e+01 8.00234756e+01 8.01668701e+01 7.99719009e+01
    8.01126862e+01 8.03417358e+01 8.04333496e+01 8.07698975e+01
    8.11097794e+01 8.15215302e+01 8.23824844e+01 8.30241394e+01
    8.40143585e+01 8.42606049e+01 8.45529633e+01 8.50514374e+01
    8.48915558e+01 8.44672394e+01 8.38885040e+01 8.30002899e+01
    8.23744583e+01 8.17369080e+01 8.17362823e+01 8.17684326e+01
    8.22796478e+01 8.32328644e+01 8.42925034e+01 8.54463959e+01
    8.68384018e+01 8.81584015e+01 8.94527130e+01 9.11855087e+01
    9.24780884e+01 9.35247269e+01 9.41943130e+01 9.52202530e+01
    9.59256058e+01 9.64304123e+01 9.82064972e+01 9.93122711e+01
    1.00001518e+02 1.00434082e+02 1.00880646e+02 1.01537918e+02
    1.01867233e+02 1.02438438e+02 1.02996048e+02 1.01989479e+02
    1.01435310e+02 1.01012466e+02 1.01027054e+02 1.00578812e+02
    1.00091476e+02 9.97220306e+01 9.89940262e+01 9.81885834e+01
    9.66418304e+01 9.51808701e+01 9.34007111e+01 9.14432678e+01
    8.93819427e+01 8.75892029e+01 8.54815063e+01 8.34752960e+01
    8.13045502e+01 7.99993744e+01 7.88843384e+01 7.78220673e+01
    7.73467407e+01 7.69198380e+01 7.65217896e+01 7.63151093e+01
    7.65111313e+01 7.72061386e+01 7.81515961e+01 7.88824463e+01
    8.03688583e+01 8.13710861e+01 8.29045334e+01 8.49296265e+01
    8.73176041e+01 9.02903595e+01 9.40774078e+01 9.72924500e+01
